     21      1      1      1      3     45
     21      1      1      1     10    187
     21      1      1      1     20    655
     21      1      1      1     27   1215
     21      1      1      1     34   1926
     21      1      1      2      3     52
     21      1      1      2     10    227
     21      1      1      2     20    788
     21      1      1      2     27   1420
     21      1      1      2     34   2095
     21      1      1      3      3     45
     21      1      1      3     10    176
     21      1      1      3     20    619
     21      1      1      3     27   1131
     21      1      1      3     34   1834
     21      1      1      4      3     46
     21      1      1      4     10    189
     21      1      1      4     20    630
     21      1      1      4     27   1116
     21      1      1      4     34   1730
     21      2      1      1      3     54
     21      2      1      1     10    213
     21      2      1      1     20    617
     21      2      1      1     27    994
     21      2      1      1     34   1039
     21      2      1      2      3     47
     21      2      1      2     10    158
     21      2      1      2     20    574
     21      2      1      2     27   1044
     21      2      1      2     34   1722
     21      2      1      3      3     52
     21      2      1      3     10    200
     21      2      1      3     20    776
     21      2      1      3     27   1407
     21      2      1      3     34   2102
     21      3      1      1      3     53
     21      3      1      1     10    207
     21      3      1      1     20    733
     21      3      1      1     27   1327
     21      3      1      1     34   2025
     21      3      1      2      3     50
     21      3      1      2     10    194
     21      3      1      2     20    712
     21      3      1      2     27   1273
     21      3      1      2     34   1914
     21      3      1      3      3     51
     21      3      1      3     10    190
     21      3      1      3     20    643
     21      3      1      3     27   1157
     21      3      1      3     34   1836
     21      3      1      4      3     48
     21      3      1      4     10    194
     21      3      1      4     20    699
     21      3      1      4     27   1214
     21      3      1      4     34   1777
     21      4      1      1      3     52
     21      4      1      1     10    245
     21      4      1      1     20    755
     21      4      1      1     27   1345
     21      4      1      1     34   2019
     21      5      1      1      3     57
     21      5      1      1     10    176
     21      5      1      1     20    599
     21      5      1      1     27   1050
     21      5      1      1     34   1582
     21      5      1      2      3     48
     21      5      1      2     10    185
     21      5      1      2     20    711
     21      5      1      2     27   1308
     21      5      1      2     34   2058
     21      5      1      3      3     57
     21      5      1      3     10    214
     21      5      1      3     20    733
     21      5      1      3     27   1271
     21      5      1      3     34   1979
     21      1      2      1      3     45
     21      1      2      1     10    172
     21      1      2      1     20    523
     21      1      2      1     27    920
     21      1      2      1     34   1447
     21      1      2      2      3     50
     21      1      2      2     10    176
     21      1      2      2     20    483
     21      1      2      2     27    822
     21      1      2      2     34   1333
     21      1      2      3      3     44
     21      1      2      3     10    156
     21      1      2      3     20    443
     21      1      2      3     27    766
     21      1      2      3     34   1282
     21      1      2      4      3     49
     21      1      2      4     10    166
     21      1      2      4     20    512
     21      1      2      4     27    870
     21      1      2      4     34   1425
     21      2      2      1      3     43
     21      2      2      1     10    150
     21      2      2      1     20    505
     21      2      2      1     27    914
     21      2      2      1     34   1392
     21      2      2      2      3     41
     21      2      2      2     10    145
     21      2      2      2     20    438
     21      2      2      2     27    800
     21      2      2      2     34   1331
     21      2      2      3      3     31
     21      2      2      3     10     91
     21      2      2      3     20    298
     21      2      2      3     27    585
     21      2      2      3     34   1005
     21      2      2      4      3     43
     21      2      2      4     10    156
     21      2      2      4     20    543
     21      2      2      4     27    976
     21      2      2      4     34   1529
     21      3      2      1      3     48
     21      3      2      1     10    176
     21      3      2      1     20    527
     21      3      2      1     27    932
     21      3      2      1     34   1471
     21      3      2      2      3     45
     21      3      2      2     10    177
     21      3      2      2     20    537
     21      3      2      2     27    975
     21      3      2      2     34   1514
     21      3      2      3      3     49
     21      3      2      3     10    168
     21      3      2      3     20    444
     21      3      2      3     27    855
     21      3      2      3     34   1379
     21      3      2      4      3     47
     21      3      2      4     10    168
     21      3      2      4     20    544
     21      3      2      4     27    957
     21      3      2      4     34   1485
     21      4      2      1      3     48
     21      4      2      1     10    192
     21      4      2      1     20    587
     21      4      2      1     27   1025
     21      4      2      1     34   1544
     21      4      2      2      3     47
     21      4      2      2     10    143
     21      4      2      2     20    354
     21      4      2      2     27    580
     21      4      2      2     34    927
     21      4      2      3      3     46
     21      4      2      3     10    161
     21      4      2      3     20    554
     21      4      2      3     27    975
     21      4      2      3     34   1484
     21      4      2      4      3     46
     21      4      2      4     10    172
     21      4      2      4     20    560
     21      4      2      4     27    944
     21      4      2      4     34   1479
     21      5      2      1      3     45
     21      5      2      1     10    130
     21      5      2      1     20    428
     21      5      2      1     27    810
     21      5      2      1     34   1326
     21      5      2      2      3     50
     21      5      2      2     10    170
     21      5      2      2     20    497
     21      5      2      2     27    887
     21      5      2      2     34   1434
     21      5      2      4      3     51
     21      5      2      4     10    177
     21      5      2      4     20    509
     21      5      2      4     27    936
     21      5      2      4     34   1520
     23      1      2      3      3     37
     23      1      2      3     10     58
     23      1      2      3     20    182
     23      1      2      3     27    386
     23      1      2      3     34    734
     23      1      2      5      3     44
     23      1      2      5     10     87
     23      1      2      5     20    258
     23      1      2      5     27    583
     23      1      2      5     34   1009
     23      1      2      6      3     51
     23      1      2      6     10    118
     23      1      2      6     20    401
     23      1      2      6     27    762
     23      1      2      6     34   1230
     23      1      2      7      3     46
     23      1      2      7     10     65
     23      1      2      7     20    177
     23      1      2      7     27    404
     23      1      2      7     34    754
     23      1      2      9      3     50
     23      1      2      9     10     76
     23      1      2      9     20    227
     23      1      2      9     27    432
     23      1      2      9     34    794
     23      2      2      1      3     42
     23      2      2      1     10     93
     23      2      2      1     20    245
     23      2      2      1     27    516
     23      2      2      1     34    907
     23      2      2      4      3     44
     23      2      2      4     10    117
     23      2      2      4     20    361
     23      2      2      4     27    684
     23      2      2      4     34   1180
     23      2      2      5      3     42
     23      2      2      5     10     91
     23      2      2      5     20    328
     23      2      2      5     27    571
     23      2      2      5     34    891
     23      2      2      6      3     47
     23      2      2      6     10    133
     23      2      2      6     20    424
     23      2      2      6     27    829
     23      2      2      6     34   1316
     23      2      2      7      3     45
     23      2      2      7     10     85
     23      2      2      7     20    262
     23      2      2      7     27    558
     23      2      2      7     34   1004
     23      3      2      1      3     47
     23      3      2      1     10    121
     23      3      2      1     20    377
     23      3      2      1     27    753
     23      3      2      1     34   1260
     23      3      2      2      3     45
     23      3      2      2     10    103
     23      3      2      2     20    379
     23      3      2      2     27    737
     23      3      2      2     34   1247
     23      3      2      3      3     40
     23      3      2      3     10     70
     23      3      2      3     20    266
     23      3      2      3     27    580
     23      3      2      3     34   1025
     23      3      2      4      3     54
     23      3      2      4     10    135
     23      3      2      4     20    433
     23      3      2      4     27    811
     23      3      2      4     34   1312
     23      4      2      1      3     49
     23      4      2      1     10    144
     23      4      2      1     20    448
     23      4      2      1     27    832
     23      4      2      1     34   1323
     23      4      2      2      3     46
     23      4      2      2     10     87
     23      4      2      2     20    272
     23      4      2      2     27    546
     23      4      2      2     34    977
     23      4      2      3      3     49
     23      4      2      3     10    130
     23      4      2      3     20    421
     23      4      2      3     27    780
     23      4      2      3     34   1182
     23      4      2      4      3     50
     23      4      2      4     10     99
     23      4      2      4     20    304
     23      4      2      4     27    592
     23      4      2      4     34   1001
     23      4      2      5      3     48
     23      4      2      5     10    130
     23      4      2      5     20    370
     23      4      2      5     27    694
     23      4      2      5     34   1116
     23      5      2      1      3     51
     23      5      2      1     10    109
     23      5      2      1     20    313
     23      5      2      1     27    611
     23      5      2      1     34   1020
     23      5      2      2      3     45
     23      5      2      2     10    111
     23      5      2      2     20    331
     23      5      2      2     27    622
     23      5      2      2     34   1033
     23      5      2      3      3     48
     23      5      2      3     10    110
     23      5      2      3     20    370
     23      5      2      3     27    709
     23      5      2      3     34   1179
     23      5      2      4      3     49
     23      5      2      4     10    116
     23      5      2      4     20    309
     23      5      2      4     27    605
     23      5      2      4     34   1100
     23      5      2      5      3     47
     23      5      2      5     10    121
     23      5      2      5     20    377
     23      5      2      5     27    693
     23      5      2      5     34   1106
     23      5      2      6      3     46
     23      5      2      6     10    100
     23      5      2      6     20    336
     23      5      2      6     27    659
     23      5      2      6     34   1111
     23      1      1      1      3     55
     23      1      1      1     10    163
     23      1      1      1     20    509
     23      1      1      1     27    819
     23      1      1      1     34   1352
     23      1      1      2      3     51
     23      1      1      2     10    123
     23      1      1      2     20    488
     23      1      1      2     27    968
     23      1      1      2     34   1532
     23      1      1      3      3     47
     23      1      1      3     10    134
     23      1      1      3     20    452
     23      1      1      3     27    912
     23      1      1      3     34   1511
     23      1      1      4      3     62
     23      1      1      4     10    153
     23      1      1      4     20    470
     23      1      1      4     27    865
     23      1      1      4     34   1369
     23      1      1      5      3     47
     23      1      1      5     10    141
     23      1      1      5     20    524
     23      1      1      5     27    995
     23      1      1      5     34   1655
     23      2      1      1      3     52
     23      2      1      1     10    191
     23      2      1      1     20    668
     23      2      1      1     27   1205
     23      2      1      1     34   1732
     23      2      1      2      3     49
     23      2      1      2     10    148
     23      2      1      2     20    591
     23      2      1      2     27   1083
     23      2      1      2     34   1687
     23      2      1      3      3     54
     23      2      1      3     10    159
     23      2      1      3     20    627
     23      2      1      3     27   1093
     23      2      1      3     34   1577
     23      2      1      4      3     56
     23      2      1      4     10    193
     23      2      1      4     20    655
     23      2      1      4     27   1185
     23      2      1      4     34   1790
     23      3      1      1      3     59
     23      3      1      1     10    222
     23      3      1      1     20    710
     23      3      1      1     27   1250
     23      3      1      1     34   1891
     23      3      1      2      3     46
     23      3      1      2     10    122
     23      3      1      2     20    400
     23      3      1      2     27    764
     23      3      1      2     34   1303
     23      3      1      3      3     57
     23      3      1      3     10    163
     23      3      1      3     20    639
     23      3      1      3     27   1220
     23      3      1      3     34   1933
     23      3      1      4      3     60
     23      3      1      4     10    196
     23      3      1      4     20    702
     23      3      1      4     27   1177
     23      3      1      4     34   1354
     23      3      1      5      3     51
     23      3      1      5     10    158
     23      3      1      5     20    481
     23      3      1      5     27    886
     23      3      1      5     34   1438
     23      4      1      1      3     34
     23      4      1      1     10    110
     23      4      1      1     20    440
     23      4      1      1     27    844
     23      4      1      1     34   1343
     23      4      1      2      3     54
     23      4      1      2     10    174
     23      4      1      2     20    675
     23      4      1      2     27   1192
     23      4      1      2     34   1818
     23      4      1      3      3     55
     23      4      1      3     10    185
     23      4      1      3     20    600
     23      4      1      3     27   1061
     23      4      1      3     34   1634
     23      4      1      4      3     54
     23      4      1      4     10    155
     23      4      1      4     20    578
     23      4      1      4     27   1095
     23      4      1      4     34   1729
     23      4      1      5      3     49
     23      4      1      5     10    174
     23      4      1      5     20    659
     23      4      1      5     27   1192
     23      4      1      5     34   1835
     23      4      1      6      3     52
     23      4      1      6     10    138
     23      4      1      6     20    471
     23      4      1      6     27    862
     23      4      1      6     34   1437
     23      5      1      1      3     53
     23      5      1      1     10    133
     23      5      1      1     20    421
     23      5      1      1     27    851
     23      5      1      1     34   1437
     23      5      1      2      3     48
     23      5      1      2     10    180
     23      5      1      2     20    650
     23      5      1      2     27   1124
     23      5      1      2     34   1635
     23      5      1      3      3     47
     23      5      1      3     10    169
     23      5      1      3     20    618
     23      5      1      3     27   1091
     23      5      1      3     34   1651
     23      5      1      4      3     56
     23      5      1      4     10    137
     23      5      1      4     20    520
     23      5      1      4     27    986
     23      5      1      4     34   1595
     23      5      1      5      3     48
     23      5      1      5     10    166
     23      5      1      5     20    624
     23      5      1      5     27   1160
     23      5      1      5     34   1827
     23      5      1      6      3     46
     23      5      1      6     10    118
     23      5      1      6     20    441
     23      5      1      6     27    875
     23      5      1      6     34   1520
     34      1      2      1      3     52
     34      1      2      1     10    139
     34      1      2      1     20    454
     34      1      2      1     27    824
     34      1      2      1     34   1306
     34      1      2      2      3     51
     34      1      2      2     10    139
     34      1      2      2     20    467
     34      1      2      2     27    822
     34      1      2      2     34   1309
     34      2      2      1      3     51
     34      2      2      1     10    178
     34      2      2      1     20    562
     34      2      2      1     27    989
     34      2      2      1     34   1466
     34      2      2      2      3     44
     34      2      2      2     10    122
     34      2      2      2     20    423
     34      2      2      2     27    785
     34      2      2      2     34   1260
     34      2      2      3      3     52
     34      2      2      3     10    141
     34      2      2      3     20    473
     34      2      2      3     27    848
     34      2      2      3     34   1371
     34      3      2      1      3     54
     34      3      2      1     10    168
     34      3      2      1     20    555
     34      3      2      1     27    979
     34      3      2      1     34   1518
     34      3      2      2      3     51
     34      3      2      2     10    169
     34      3      2      2     20    549
     34      3      2      2     27    940
     34      3      2      2     34   1475
     34      3      2      3      3     49
     34      3      2      3     10    154
     34      3      2      3     20    495
     34      3      2      3     27    894
     34      3      2      3     34   1382
     34      4      2      1      3     59
     34      4      2      1     10    166
     34      4      2      1     20    518
     34      4      2      1     27    886
     34      4      2      1     34   1357
     34      4      2      2      3     52
     34      4      2      2     10    137
     34      4      2      2     20    474
     34      4      2      2     27    874
     34      4      2      2     34   1409
     34      4      2      3      3     50
     34      4      2      3     10    144
     34      4      2      3     20    473
     34      4      2      3     27    842
     34      4      2      3     34   1354
     34      1      1      1      3     50
     34      1      1      1     10    162
     34      1      1      1     20    625
     34      1      1      1     27   1068
     34      1      1      1     34   1719
     34      1      1      2      3     58
     34      1      1      2     10    220
     34      1      1      2     20    700
     34      1      1      2     27   1234
     34      1      1      2     34   1894
     34      1      1      3      3     51
     34      1      1      3     10    167
     34      1      1      3     20    666
     34      1      1      3     27   1227
     34      1      1      3     34   1894
     34      1      1      4      3     57
     34      1      1      4     10    176
     34      1      1      4     20    692
     34      1      1      4     27   1254
     34      1      1      4     34   1882
     34      2      1      1      3     51
     34      2      1      1     10    155
     34      2      1      1     20    599
     34      2      1      1     27   1082
     34      2      1      1     34   1593
     34      2      1      2      3     51
     34      2      1      2     10    165
     34      2      1      2     20    626
     34      2      1      2     27   1106
     34      2      1      2     34   1684
     34      3      1      2      3     51
     34      3      1      2     10    174
     34      3      1      2     20    594
     34      3      1      2     27   1050
     34      3      1      2     34   1670
     34      3      1      3      3     57
     34      3      1      3     10    185
     34      3      1      3     20    687
     34      3      1      3     27   1266
     34      3      1      3     34   2011
     34      3      1      4      3     47
     34      3      1      4     10    166
     34      3      1      4     20    640
     34      3      1      4     27   1199
     34      3      1      4     34   1970
     34      4      1      1      3     31
     34      4      1      1     10    185
     34      4      1      1     20    650
     34      4      1      1     27   1145
     34      4      1      1     34   1092
     34      4      1      2      3     56
     34      4      1      2     10    192
     34      4      1      2     20    675
     34      4      1      2     27   1198
     34      4      1      2     34   1871
     34      4      1      3      3     57
     34      4      1      3     10    195
     34      4      1      3     20    699
     34      4      1      3     27   1227
     34      4      1      3     34   1858
     34      4      1      4      3     57
     34      4      1      4     10    181
     34      4      1      4     20    671
     34      4      1      4     27   1251
     34      4      1      4     34   2020
     34      4      1      5      3     53
     34      4      1      5     10    176
     34      4      1      5     20    645
     34      4      1      5     27   1172
     34      4      1      5     34   1879
     34      5      1      1      3     48
     34      5      1      1     10    169
     34      5      1      1     20    629
     34      5      1      1     27   1139
     34      5      1      1     34   1803
     34      5      1      2      3     53
     34      5      1      2     10    177
     34      5      1      2     20    594
     34      5      1      2     27   1055
     34      5      1      2     34   1709
     34      5      1      3      3     53
     34      5      1      3     10    151
     34      5      1      3     20    578
     34      5      1      3     27   1060
     34      5      1      3     34   1675
     34      5      1      4      3     49
     34      5      1      4     10    175
     34      5      1      4     20    701
     34      5      1      4     27   1306
     34      5      1      4     34   2043
     34      5      1      5      3     59
     34      5      1      5     10    185
     34      5      1      5     20    661
     34      5      1      5     27   1240
     34      5      1      5     34   1897
     36      3      1      1      3     47
     36      3      1      1     10    167
     36      3      1      1     20    636
     36      3      1      1     27   1197
     36      3      1      1     34   1939
     36      3      1      2      3     44
     36      3      1      2     10    166
     36      3      1      2     20    654
     36      3      1      2     27   1228
     36      3      1      2     34   1815
     36      3      1      3      3     48
     36      3      1      3     10    148
     36      3      1      3     20    549
     36      3      1      3     27   1063
     36      3      1      3     34   1734
     36      3      1      4      3     45
     36      3      1      4     10    167
     36      3      1      4     20    638
     36      3      1      4     27   1125
     36      3      1      4     34   1739
     36      4      1      1      3     45
     36      4      1      1     10    165
     36      4      1      1     20    619
     36      4      1      1     27   1197
     36      4      1      1     34   1843
     36      4      1      2      3     56
     36      4      1      2     10    209
     36      4      1      2     20    758
     36      4      1      2     27   1342
     36      4      1      2     34   1942
     36      4      1      3      3     41
     36      4      1      3     10    146
     36      4      1      3     20    577
     36      4      1      3     27   1096
     36      4      1      3     34   1560
     36      4      1      4      3     55
     36      4      1      4     10    160
     36      4      1      4     20    632
     36      4      1      4     27   1165
     36      4      1      4     34   1865
     36      1      1      1      3     55
     36      1      1      1     10    190
     36      1      1      1     20    660
     36      1      1      1     27   1259
     36      1      1      1     34   2054
     36      1      1      2      3     48
     36      1      1      2     10    168
     36      1      1      2     20    580
     36      1      1      2     27   1222
     36      1      1      2     34   2011
     36      1      1      3      3     46
     36      1      1      3     10    160
     36      1      1      3     20    612
     36      1      1      3     27   1073
     36      1      1      3     34   1737
     36      1      1      4      3     46
     36      1      1      4     10    169
     36      1      1      4     20    530
     36      1      1      4     27   1040
     36      1      1      4     34   1412
     36      1      1      5      3     42
     36      1      1      5     10    142
     36      1      1      5     20    576
     36      1      1      5     27   1013
     36      1      1      5     34   1703
     36      1      1      6      3     46
     36      1      1      6     10    131
     36      1      1      6     20    405
     36      1      1      6     27   1051
     36      1      1      6     34   1524
     36      2      1      1      3     53
     36      2      1      1     10    172
     36      2      1      1     20    666
     36      2      1      1     27   1229
     36      2      1      1     34   1896
     36      2      1      2      3     52
     36      2      1      2     10    200
     36      2      1      2     20    724
     36      2      1      2     27   1336
     36      2      1      2     34   2061
     36      2      1      3      3     51
     36      2      1      3     10    191
     36      2      1      3     20    675
     36      2      1      3     27   1292
     36      2      1      3     34   2001
     36      5      1      1      3     58
     36      5      1      1     10    183
     36      5      1      1     20    685
     36      5      1      1     27   1253
     36      5      1      1     34   1944
     36      5      1      2      3     45
     36      5      1      2     10    132
     36      5      1      2     20    509
     36      5      1      2     27    973
     36      5      1      2     34   1507
     36      5      1      3      3     49
     36      5      1      3     10    143
     36      5      1      3     20    545
     36      5      1      3     27   1004
     36      5      1      3     34   1671
     36      5      1      4      3     52
     36      5      1      4     10    145
     36      5      1      4     20    488
     36      5      1      4     27    839
     36      5      1      4     34   1315
     36      5      1      5      3     49
     36      5      1      5     10    132
     36      5      1      5     20    581
     36      5      1      5     27   1116
     36      5      1      5     34   1807
     36      1      2      1      3     45
     36      1      2      1     10    137
     36      1      2      1     20    467
     36      1      2      1     27    894
     36      1      2      1     34   1421
     36      1      2      2      3     39
     36      1      2      2     10    111
     36      1      2      2     20    414
     36      1      2      2     27    771
     36      1      2      2     34   1238
     36      1      2      3      3     51
     36      1      2      3     10    152
     36      1      2      3     20    519
     36      1      2      3     27    955
     36      1      2      3     34   1472
     36      1      2      4      3     33
     36      1      2      4     10    139
     36      1      2      4     20    489
     36      1      2      4     27    894
     36      1      2      4     34   1442
     36      1      2      5      3     49
     36      1      2      5     10    122
     36      1      2      5     20    435
     36      1      2      5     27    809
     36      1      2      5     34   1322
     36      2      2      1      3     42
     36      2      2      1     10    137
     36      2      2      1     20    464
     36      2      2      1     27    831
     36      2      2      1     34   1325
     36      2      2      2      3     39
     36      2      2      2     10    113
     36      2      2      2     20    415
     36      2      2      2     27    775
     36      2      2      2     34   1268
     36      2      2      3      3     46
     36      2      2      3     10    127
     36      2      2      3     20    406
     36      2      2      3     27    712
     36      2      2      3     34   1118
     36      2      2      4      3     49
     36      2      2      4     10    160
     36      2      2      4     20    540
     36      2      2      4     27    929
     36      2      2      4     34   1375
     36      3      2      1      3     52
     36      3      2      1     10    164
     36      3      2      1     20    539
     36      3      2      1     27    964
     36      3      2      1     34   1460
     36      3      2      2      3     46
     36      3      2      2     10    128
     36      3      2      2     20    487
     36      3      2      2     27    902
     36      3      2      2     34   1409
     36      3      2      3      3     44
     36      3      2      3     10    121
     36      3      2      3     20    416
     36      3      2      3     27    828
     36      3      2      3     34   1282
     36      3      2      4      3     45
     36      3      2      4     10    133
     36      3      2      4     20    478
     36      3      2      4     27    868
     36      3      2      4     34   1391
     36      3      2      5      3     44
     36      3      2      5     10    143
     36      3      2      5     20    479
     36      3      2      5     27    935
     36      3      2      5     34   1509
     36      4      2      1      3     50
     36      4      2      1     10    159
     36      4      2      1     20    540
     36      4      2      1     27    971
     36      4      2      1     34   1497
     36      4      2      2      3     37
     36      4      2      2     10     89
     36      4      2      2     20    305
     36      4      2      2     27    610
     36      4      2      2     34   1048
     36      4      2      3      3     43
     36      4      2      3     10     91
     36      4      2      3     20    324
     36      4      2      3     27    668
     36      4      2      3     34   1138
     36      4      2      4      3     48
     36      4      2      4     10    138
     36      4      2      4     20    460
     36      4      2      4     27    859
     36      4      2      4     34   1312
     36      4      2      5      3     45
     36      4      2      5     10    118
     36      4      2      5     20    404
     36      4      2      5     27    755
     36      4      2      5     34   1140
     36      4      2      6      3     44
     36      4      2      6     10     72
     36      4      2      6     20    295
     36      4      2      6     27    588
     36      4      2      6     34   1140
     36      5      2      1      3     41
     36      5      2      1     10    108
     36      5      2      1     20    435
     36      5      2      1     27    696
     36      5      2      1     34   1166
     36      5      2      2      3     37
     36      5      2      2     10    121
     36      5      2      2     20    432
     36      5      2      2     27    765
     36      5      2      2     34   1292
     36      5      2      3      3     32
     36      5      2      3     10    136
     36      5      2      3     20    373
     36      5      2      3     27    806
     36      5      2      3     34   1263
     36      5      2      4      3     42
     36      5      2      4     10    132
     36      5      2      4     20    455
     36      5      2      4     27    826
     36      5      2      4     34   1227
     36      5      2      5      3     46
     36      5      2      5     10    158
     36      5      2      5     20    480
     36      5      2      5     27    878
     36      5      2      5     34   1365
